1 0.055313 0.622188 0.036875 0.015625
1 0.941562 0.624062 0.065625 0.023125
1 0.267500 0.572812 0.032500 0.014375
1 0.364063 0.581562 0.034375 0.011875
1 0.125000 0.603437 0.026250 0.009375
1 0.151875 0.594375 0.021250 0.008750
1 0.136563 0.616250 0.019375 0.007500
1 0.174375 0.628750 0.020000 0.007500
1 0.197500 0.636875 0.021250 0.007500
1 0.723125 0.586562 0.037500 0.011875
1 0.773438 0.626875 0.019375 0.010000
1 0.581250 0.626875 0.027500 0.008750
1 0.632188 0.628125 0.024375 0.007500
1 0.254375 0.609688 0.052500 0.010625
1 0.291563 0.626563 0.019375 0.013125
1 0.238750 0.629062 0.032500 0.010625
1 0.348438 0.619375 0.049375 0.016250
1 0.415625 0.624687 0.051250 0.016875
1 0.488125 0.624375 0.081250 0.020000
1 0.087500 0.457188 0.030000 0.013125
1 0.169687 0.450000 0.048125 0.015000
1 0.251563 0.483438 0.023125 0.011875
1 0.210938 0.506875 0.034375 0.018750
1 0.322188 0.494063 0.036875 0.015625
1 0.275625 0.527813 0.042500 0.016875
1 0.277500 0.447813 0.070000 0.020625
1 0.270000 0.423750 0.037500 0.013750
1 0.182500 0.408750 0.033750 0.011250
1 0.222500 0.421563 0.013750 0.009375
1 0.181562 0.396562 0.029375 0.009375
1 0.139063 0.399062 0.024375 0.009375
1 0.105313 0.390625 0.028125 0.010000
1 0.326562 0.528125 0.048125 0.015000
1 0.373125 0.523438 0.048750 0.013125
1 0.323437 0.422187 0.058125 0.018125
1 0.420938 0.538438 0.025625 0.009375
1 0.491250 0.538125 0.062500 0.020000
1 0.147187 0.500313 0.025625 0.009375
1 0.154375 0.494063 0.021250 0.009375
1 0.055000 0.419375 0.012500 0.011250
1 0.024375 0.396250 0.047500 0.012500
1 0.027187 0.475625 0.053125 0.021250
1 0.093750 0.371563 0.032500 0.011875
1 0.151875 0.380937 0.075000 0.019375
1 0.431250 0.476562 0.042500 0.011875
1 0.405313 0.512500 0.014375 0.008750
1 0.485625 0.555312 0.021250 0.009375
1 0.428438 0.454688 0.144375 0.029375
1 0.454688 0.493125 0.018125 0.007500
1 0.511563 0.516875 0.019375 0.007500
1 0.600000 0.537813 0.103750 0.021875
1 0.565937 0.560000 0.029375 0.008750
1 0.565000 0.572500 0.020000 0.006250
1 0.649687 0.505938 0.023125 0.009375
1 0.712187 0.548438 0.040625 0.013125
1 0.607812 0.505000 0.038125 0.017500
1 0.784687 0.563438 0.020625 0.008125
1 0.676250 0.530000 0.015000 0.007500
1 0.722812 0.563750 0.075625 0.012500
1 0.373750 0.478125 0.016250 0.008750
