1 0.133125 0.467187 0.107500 0.071875
1 0.024375 0.591250 0.047500 0.042500
1 0.152188 0.615938 0.046875 0.026875
1 0.230625 0.485625 0.050000 0.027500
1 0.259688 0.395625 0.079375 0.031250
1 0.302187 0.459375 0.034375 0.022500
1 0.398125 0.447813 0.078750 0.036875
1 0.356250 0.594688 0.093750 0.049375
1 0.492500 0.539687 0.060000 0.049375
1 0.509687 0.381250 0.088125 0.056250
1 0.652500 0.531250 0.101250 0.075000
1 0.777500 0.376875 0.092500 0.056250
1 0.854375 0.520625 0.135000 0.093750
1 0.990625 0.450625 0.018750 0.033750
1 0.354063 0.377812 0.021875 0.015625
1 0.124688 0.405313 0.028125 0.023125
