1 0.605625 0.514062 0.021250 0.046875
1 0.411562 0.744062 0.023125 0.035625
1 0.593437 0.971875 0.023125 0.056250
1 0.407500 0.988125 0.020000 0.023750
1 0.436875 0.549687 0.021250 0.035625
1 0.382500 0.915312 0.023750 0.128125
1 0.354687 0.766875 0.019375 0.101250
1 0.603437 0.666875 0.016875 0.040000
1 0.615625 0.350000 0.018750 0.048750
1 0.574688 0.164375 0.025625 0.038750
1 0.433750 0.615313 0.023750 0.028125
1 0.369063 0.690312 0.023125 0.026875
1 0.408125 0.640625 0.018750 0.032500
1 0.415312 0.792813 0.021875 0.025625
1 0.396875 0.364375 0.030000 0.133750
1 0.394062 0.229375 0.026875 0.085000
1 0.607812 0.250312 0.014375 0.028125
1 0.573750 0.560312 0.013750 0.023125
1 0.355312 0.470000 0.018125 0.043750
1 0.628437 0.781563 0.018125 0.025625
