1 0.257500 0.514062 0.035000 0.023125
1 0.026250 0.561875 0.036250 0.027500
1 0.083125 0.500000 0.037500 0.021250
1 0.045000 0.512500 0.038750 0.015000
1 0.085625 0.559063 0.035000 0.023125
1 0.166875 0.525625 0.040000 0.020000
1 0.019062 0.595625 0.036875 0.012500
1 0.162188 0.568750 0.034375 0.027500
1 0.254063 0.603437 0.043125 0.021875
1 0.357500 0.514062 0.051250 0.028125
1 0.363750 0.598750 0.028750 0.018750
1 0.195937 0.599688 0.043125 0.015625
1 0.426250 0.597500 0.026250 0.016250
1 0.472187 0.627812 0.024375 0.020625
1 0.206563 0.576875 0.018125 0.025000
1 0.508437 0.627812 0.031875 0.020625
1 0.554063 0.629687 0.038125 0.019375
1 0.121875 0.527500 0.032500 0.020000
1 0.462813 0.516563 0.034375 0.018125
1 0.204687 0.535625 0.029375 0.012500
