1 0.417500 0.514687 0.100000 0.033125
1 0.817813 0.432188 0.083125 0.048125
1 0.354375 0.424375 0.071250 0.036250
1 0.649687 0.442812 0.105625 0.041875
1 0.494063 0.448750 0.046875 0.035000
1 0.229063 0.483438 0.073125 0.035625
1 0.133750 0.504687 0.053750 0.035625
1 0.564063 0.570937 0.096875 0.028125
1 0.286562 0.602500 0.176875 0.037500
1 0.588437 0.632500 0.151875 0.033750
1 0.831250 0.495312 0.037500 0.026875
1 0.988437 0.502500 0.023125 0.037500
1 0.840938 0.563750 0.053125 0.028750
1 0.893437 0.539687 0.044375 0.023125
1 0.980313 0.617188 0.039375 0.035625
1 0.560312 0.405000 0.035625 0.028750
1 0.959688 0.363750 0.030625 0.032500
1 0.885000 0.420312 0.032500 0.019375
1 0.340313 0.463438 0.030625 0.025625
1 0.991250 0.434688 0.017500 0.031875
