1 0.152812 0.473125 0.036875 0.021250
1 0.100625 0.452188 0.028750 0.016875
1 0.108125 0.418438 0.030000 0.015625
1 0.155938 0.530312 0.041875 0.016875
1 0.202187 0.474375 0.033125 0.021250
1 0.454375 0.549063 0.040000 0.016875
1 0.251875 0.384688 0.036250 0.015625
1 0.336250 0.464687 0.031250 0.016875
1 0.307812 0.415312 0.035625 0.016875
1 0.160312 0.593437 0.033125 0.010625
1 0.009687 0.542500 0.018125 0.013750
1 0.036250 0.453125 0.022500 0.011250
1 0.191250 0.430937 0.031250 0.011875
1 0.405313 0.408125 0.029375 0.015000
1 0.435937 0.397813 0.026875 0.015625
1 0.467813 0.412500 0.029375 0.010000
1 0.353438 0.514687 0.033125 0.011875
1 0.310312 0.597812 0.031875 0.011875
1 0.499063 0.573438 0.020625 0.009375
1 0.526875 0.479687 0.026250 0.011875
1 0.646563 0.374063 0.031875 0.011875
1 0.656563 0.411875 0.038125 0.018750
1 0.704375 0.409062 0.038750 0.020625
1 0.601875 0.411875 0.047500 0.022500
1 0.791875 0.535937 0.035000 0.016875
1 0.845625 0.546562 0.043750 0.016875
1 0.872812 0.461875 0.031875 0.012500
1 0.969375 0.368750 0.043750 0.022500
1 0.234063 0.473438 0.018125 0.010625
1 0.582500 0.349062 0.023750 0.009375
1 0.749687 0.573438 0.023125 0.008125
1 0.347500 0.435000 0.012500 0.008750
1 0.105313 0.619375 0.024375 0.010000
1 0.693750 0.385937 0.017500 0.008125
1 0.052812 0.558125 0.011875 0.011250
1 0.094062 0.550937 0.020625 0.006875
