1 0.640625 0.050313 0.035000 0.058125
1 0.559688 0.078125 0.043125 0.061250
1 0.630000 0.170625 0.025000 0.042500
1 0.609062 0.120000 0.019375 0.047500
1 0.636250 0.114375 0.028750 0.047500
1 0.631563 0.285313 0.021875 0.041875
1 0.630313 0.446250 0.019375 0.038750
1 0.626563 0.492188 0.018125 0.028125
1 0.646563 0.405000 0.014375 0.026250
1 0.627812 0.529062 0.019375 0.024375
1 0.597812 0.574063 0.014375 0.023125
1 0.599688 0.634062 0.014375 0.028125
1 0.569375 0.248750 0.012500 0.031250
1 0.515938 0.539687 0.016875 0.030625
1 0.518750 0.633125 0.016250 0.028750
1 0.510312 0.658438 0.018125 0.026875
1 0.603437 0.744687 0.018125 0.045625
1 0.514062 0.743437 0.019375 0.039375
1 0.525312 0.834688 0.023125 0.045625
1 0.570312 0.837812 0.029375 0.036875
1 0.559063 0.912813 0.020625 0.034375
1 0.561250 0.972187 0.030000 0.035625
1 0.500000 0.915000 0.027500 0.032500
1 0.511875 0.957187 0.017500 0.031875
1 0.601250 0.803438 0.016250 0.038125
1 0.534062 0.793438 0.019375 0.024375
1 0.576250 0.793438 0.022500 0.019375
1 0.594688 0.980625 0.014375 0.030000
1 0.554063 0.554375 0.009375 0.088750
1 0.563125 0.689688 0.013750 0.023125
1 0.573125 0.663438 0.010000 0.018125
1 0.650937 0.149062 0.010625 0.024375
1 0.540000 0.494063 0.012500 0.015625
1 0.648750 0.366250 0.008750 0.023750
1 0.611250 0.309688 0.013750 0.025625
1 0.640312 0.245625 0.011875 0.021250
1 0.529062 0.878750 0.015625 0.030000
1 0.611563 0.982187 0.010625 0.014375
1 0.533750 0.681875 0.011250 0.016250
1 0.531563 0.612187 0.009375 0.014375
1 0.549687 0.262500 0.011875 0.021250
