0 0.410625 0.261250 0.030000 0.041250
0 0.433125 0.362500 0.030000 0.051250
0 0.457813 0.595000 0.016875 0.036250
0 0.520625 0.326250 0.012500 0.041250
0 0.458437 0.675000 0.014375 0.028750
0 0.578750 0.728125 0.017500 0.037500
0 0.541562 0.245938 0.019375 0.051875
0 0.554375 0.431250 0.016250 0.027500
0 0.559688 0.477187 0.010625 0.031875
0 0.486563 0.423750 0.014375 0.051250
0 0.540625 0.597187 0.013750 0.038125
0 0.423125 0.075000 0.012500 0.036250
0 0.410625 0.390313 0.015000 0.039375
0 0.454375 0.090000 0.018750 0.035000
0 0.442812 0.623750 0.018125 0.040000
0 0.511250 0.861250 0.020000 0.053750
0 0.506875 0.976562 0.023750 0.046875
0 0.465000 0.946250 0.017500 0.037500
0 0.579688 0.881563 0.011875 0.033125
0 0.586562 0.966875 0.015625 0.040000
0 0.585313 0.965625 0.015625 0.040000
0 0.525312 0.116562 0.011875 0.020625
0 0.375000 0.097500 0.012500 0.032500
0 0.417187 0.219688 0.015625 0.031875
0 0.529062 0.772500 0.014375 0.051250
0 0.478125 0.720313 0.010000 0.033125
0 0.480625 0.586250 0.010000 0.028750
0 0.561250 0.853437 0.010000 0.023125
0 0.589063 0.853125 0.010625 0.015000
0 0.477812 0.537500 0.011875 0.032500
0 0.552188 0.543438 0.010625 0.021875
0 0.471562 0.906875 0.013125 0.017500
0 0.594688 0.755625 0.010625 0.030000
0 0.560625 0.911875 0.008750 0.020000
0 0.500625 0.648750 0.008750 0.020000
0 0.590000 0.626563 0.013750 0.043125
0 0.375312 0.227813 0.013125 0.021875
0 0.489687 0.355000 0.011875 0.021250
0 0.563438 0.356875 0.010625 0.022500
0 0.562187 0.776563 0.013125 0.020625
0 0.465938 0.865313 0.009375 0.031875
0 0.444375 0.825625 0.012500 0.030000
0 0.470313 0.299375 0.010625 0.032500
0 0.550000 0.802500 0.011250 0.020000
0 0.584688 0.832500 0.006875 0.016250
0 0.613125 0.881563 0.010000 0.014375
0 0.513125 0.922188 0.011250 0.025625
