1 0.400625 0.354687 0.048750 0.101875
1 0.463750 0.492500 0.041250 0.068750
1 0.472500 0.655625 0.072500 0.102500
1 0.553438 0.393750 0.029375 0.083750
1 0.385000 0.149688 0.025000 0.046875
1 0.531875 0.129375 0.058750 0.115000
1 0.514062 0.226875 0.025625 0.051250
1 0.602500 0.258437 0.031250 0.078125
1 0.615625 0.513125 0.043750 0.078750
1 0.482187 0.851562 0.091875 0.130625
1 0.628437 0.779375 0.046875 0.093750
1 0.541875 0.303438 0.023750 0.043125
1 0.413438 0.022812 0.036875 0.044375
1 0.546875 0.985000 0.025000 0.030000
