1 0.244062 0.548438 0.055625 0.025625
1 0.032188 0.624687 0.048125 0.034375
1 0.389062 0.575937 0.040625 0.025625
1 0.016875 0.525625 0.032500 0.026250
1 0.232500 0.501875 0.043750 0.018750
1 0.461562 0.573125 0.041875 0.028750
1 0.634062 0.532500 0.055625 0.031250
1 0.703438 0.566250 0.044375 0.028750
1 0.656250 0.484375 0.046250 0.016250
1 0.568125 0.492188 0.046250 0.024375
1 0.355625 0.630625 0.033750 0.016250
1 0.930937 0.475938 0.043125 0.021875
1 0.558125 0.584688 0.033750 0.021875
1 0.602812 0.590938 0.039375 0.020625
1 0.747188 0.642188 0.036875 0.023125
1 0.991875 0.569063 0.016250 0.018125
1 0.760938 0.500000 0.035625 0.020000
1 0.364375 0.500625 0.032500 0.018750
