1 0.225000 0.551562 0.066250 0.028125
1 0.199063 0.464375 0.024375 0.018750
1 0.388125 0.527500 0.075000 0.031250
1 0.555312 0.426875 0.048125 0.020000
1 0.535937 0.467500 0.064375 0.020000
1 0.501875 0.433437 0.043750 0.016875
1 0.135313 0.425938 0.035625 0.013125
1 0.157500 0.559688 0.027500 0.019375
1 0.245938 0.467500 0.044375 0.020000
1 0.610313 0.575000 0.051875 0.018750
1 0.678438 0.442188 0.040625 0.015625
1 0.855625 0.461875 0.048750 0.020000
1 0.805937 0.533438 0.093125 0.021875
1 0.897813 0.553750 0.064375 0.015000
1 0.937500 0.473438 0.032500 0.014375
1 0.634375 0.463750 0.028750 0.020000
1 0.697187 0.418750 0.021875 0.010000
1 0.716875 0.456562 0.025000 0.011875
1 0.904062 0.471562 0.019375 0.008125
1 0.828438 0.505625 0.028125 0.008750
1 0.832500 0.486875 0.015000 0.010000
1 0.315625 0.459062 0.030000 0.011875
1 0.349375 0.407500 0.026250 0.011250
1 0.327500 0.556875 0.020000 0.008750
1 0.458437 0.561562 0.033125 0.014375
1 0.493750 0.525312 0.016250 0.009375
1 0.542813 0.541250 0.028125 0.010000
1 0.718750 0.431250 0.021250 0.010000
1 0.784062 0.507812 0.013125 0.008125
1 0.666875 0.529062 0.018750 0.011875
1 0.922500 0.504062 0.022500 0.009375
1 0.972500 0.634687 0.021250 0.010625
1 0.016563 0.520938 0.015625 0.011875
1 0.214062 0.519375 0.021875 0.010000
1 0.060000 0.440625 0.016250 0.013750
1 0.065312 0.410000 0.013125 0.007500
1 0.025313 0.387500 0.010625 0.007500
