1 0.589063 0.753437 0.023125 0.045625
1 0.621250 0.823750 0.021250 0.041250
1 0.614688 0.920937 0.023125 0.054375
1 0.392500 0.696562 0.026250 0.076875
1 0.403125 0.971875 0.020000 0.056250
1 0.383750 0.326562 0.021250 0.084375
1 0.455937 0.280938 0.025625 0.026875
1 0.462813 0.885938 0.019375 0.024375
1 0.606875 0.311563 0.018750 0.034375
1 0.411875 0.465625 0.022500 0.050000
1 0.451875 0.312188 0.021250 0.024375
1 0.591562 0.501875 0.013125 0.020000
1 0.534375 0.564375 0.021250 0.020000
1 0.592812 0.062812 0.020625 0.036875
1 0.453750 0.126875 0.023750 0.026250
1 0.465000 0.060312 0.021250 0.025625
1 0.481875 0.018125 0.021250 0.023750
1 0.611875 0.634687 0.017500 0.024375
1 0.446562 0.804375 0.015625 0.020000
1 0.586562 0.850313 0.014375 0.018125
1 0.373125 0.933438 0.016250 0.013125
1 0.361875 0.614062 0.012500 0.018125
1 0.612187 0.390313 0.018125 0.016875
1 0.545625 0.418750 0.016250 0.013750
1 0.350938 0.297812 0.014375 0.033125
1 0.544375 0.169375 0.017500 0.017500
1 0.620938 0.284687 0.024375 0.045625
1 0.457813 0.585625 0.015625 0.012500
1 0.633437 0.579688 0.013125 0.018125
1 0.533438 0.026250 0.018125 0.015000
1 0.347500 0.422500 0.005000 0.040000
