1 0.067187 0.555937 0.031875 0.025625
1 0.081562 0.576562 0.030625 0.011875
1 0.103750 0.547188 0.020000 0.018125
1 0.051562 0.639375 0.044375 0.027500
1 0.122500 0.611875 0.036250 0.015000
1 0.118125 0.629687 0.028750 0.019375
1 0.100312 0.642500 0.019375 0.015000
1 0.170625 0.629062 0.033750 0.020625
1 0.148750 0.651563 0.022500 0.014375
1 0.287500 0.634375 0.033750 0.017500
1 0.247188 0.640312 0.016875 0.009375
1 0.147813 0.559688 0.014375 0.009375
1 0.263437 0.549687 0.019375 0.011875
1 0.310625 0.611875 0.021250 0.010000
1 0.251250 0.569688 0.020000 0.009375
1 0.363125 0.585313 0.016250 0.006875
1 0.404687 0.645625 0.028125 0.011250
1 0.445937 0.629687 0.031875 0.018125
1 0.365312 0.650937 0.019375 0.008125
1 0.322188 0.527188 0.014375 0.008125
1 0.490312 0.625938 0.030625 0.015625
1 0.529062 0.623125 0.021875 0.013750
1 0.573125 0.596875 0.026250 0.013750
1 0.539375 0.515625 0.022500 0.011250
1 0.523438 0.634062 0.024375 0.008125
1 0.611563 0.530937 0.014375 0.009375
1 0.635312 0.599063 0.028125 0.014375
1 0.496250 0.540312 0.016250 0.010625
1 0.552188 0.555312 0.016875 0.010625
1 0.664687 0.572187 0.018125 0.009375
1 0.632500 0.518437 0.025000 0.014375
1 0.658125 0.509062 0.022500 0.016875
1 0.689688 0.563125 0.016875 0.011250
1 0.682500 0.533125 0.013750 0.011250
1 0.744687 0.603125 0.041875 0.015000
1 0.742812 0.514062 0.033125 0.019375
1 0.794375 0.535000 0.026250 0.015000
1 0.806875 0.599375 0.037500 0.012500
1 0.835938 0.526250 0.040625 0.017500
1 0.915000 0.500938 0.035000 0.021875
1 0.876563 0.528125 0.023125 0.015000
1 0.836875 0.569688 0.031250 0.025625
1 0.913750 0.558750 0.027500 0.017500
1 0.792500 0.575625 0.017500 0.021250
1 0.957187 0.510938 0.028125 0.014375
1 0.973125 0.561875 0.031250 0.022500
1 0.980625 0.595313 0.032500 0.013125
1 0.984062 0.612812 0.016875 0.010625
1 0.880000 0.565312 0.016250 0.013125
1 0.807813 0.503750 0.016875 0.008750
1 0.774687 0.506875 0.015625 0.008750
1 0.720000 0.495937 0.012500 0.008125
1 0.805937 0.629062 0.015625 0.010625
1 0.087500 0.527188 0.012500 0.009375
