1 0.030625 0.406562 0.060000 0.039375
1 0.332500 0.396250 0.046250 0.026250
1 0.482812 0.391250 0.056875 0.025000
1 0.651563 0.384688 0.053125 0.029375
1 0.835938 0.422500 0.044375 0.028750
1 0.750625 0.393125 0.035000 0.023750
1 0.637500 0.598125 0.138750 0.033750
1 0.450000 0.561250 0.045000 0.032500
1 0.251250 0.585000 0.033750 0.026250
1 0.383437 0.564063 0.035625 0.026875
1 0.310312 0.631250 0.029375 0.025000
1 0.207500 0.582500 0.028750 0.025000
1 0.357187 0.591250 0.034375 0.022500
1 0.013437 0.590313 0.025625 0.026875
1 0.217812 0.370000 0.025625 0.025000
1 0.085938 0.616875 0.128125 0.026250
1 0.230625 0.645625 0.103750 0.023750
1 0.117188 0.431875 0.023125 0.017500
1 0.335313 0.427500 0.023125 0.012500
1 0.439063 0.425938 0.018125 0.013125
1 0.454688 0.618750 0.019375 0.016250
1 0.881563 0.561562 0.023125 0.015625
