1 0.474375 0.613125 0.031250 0.075000
1 0.448437 0.775937 0.025625 0.070625
1 0.423125 0.389062 0.017500 0.053125
1 0.574688 0.444063 0.020625 0.041875
1 0.531563 0.467813 0.018125 0.056875
1 0.565312 0.497812 0.011875 0.044375
1 0.535312 0.800937 0.013125 0.021875
1 0.538125 0.145313 0.016250 0.048125
1 0.444375 0.101875 0.016250 0.058750
1 0.523750 0.062812 0.012500 0.031875
1 0.559375 0.325625 0.008750 0.036250
1 0.543438 0.286875 0.008125 0.023750
1 0.580000 0.301250 0.008750 0.022500
1 0.573750 0.865000 0.011250 0.030000
1 0.439375 0.842812 0.012500 0.028125
1 0.442812 0.674375 0.008125 0.025000
1 0.437188 0.537500 0.010625 0.025000
1 0.529062 0.750000 0.010625 0.040000
1 0.540312 0.685625 0.009375 0.028750
1 0.591562 0.649062 0.008125 0.028125
1 0.464375 0.189062 0.016250 0.088125
1 0.493750 0.172813 0.010000 0.031875
1 0.538438 0.363750 0.010625 0.026250
1 0.365312 0.026250 0.008125 0.023750
1 0.458125 0.460625 0.010000 0.027500
1 0.474375 0.505000 0.008750 0.021250
1 0.527500 0.094687 0.007500 0.019375
1 0.494375 0.075938 0.007500 0.025625
1 0.479375 0.982500 0.010000 0.015000
1 0.559375 0.940312 0.008750 0.016875
1 0.481563 0.786563 0.009375 0.024375
1 0.492188 0.216562 0.006875 0.014375
1 0.468438 0.415000 0.010625 0.026250
