1 0.142813 0.595000 0.080625 0.061250
1 0.080312 0.417812 0.069375 0.054375
1 0.152812 0.413750 0.056875 0.037500
1 0.319688 0.571562 0.115625 0.069375
1 0.477812 0.403125 0.156875 0.047500
1 0.562187 0.568438 0.116875 0.071875
1 0.838125 0.476250 0.100000 0.046250
1 0.958125 0.415625 0.083750 0.097500
1 0.830625 0.565625 0.065000 0.036250
1 0.941875 0.534687 0.028750 0.020625
1 0.286562 0.373437 0.043125 0.026875
1 0.022500 0.458125 0.040000 0.032500
1 0.371875 0.364375 0.027500 0.036250
1 0.914062 0.351875 0.081875 0.013750
