1 0.077500 0.385000 0.063750 0.032500
1 0.174063 0.381563 0.045625 0.028125
1 0.245938 0.409375 0.048125 0.028750
1 0.030625 0.594375 0.055000 0.031250
1 0.112187 0.538438 0.026875 0.029375
1 0.194062 0.551875 0.014375 0.020000
1 0.150312 0.411875 0.018125 0.017500
1 0.304688 0.605625 0.084375 0.031250
1 0.366250 0.387813 0.023750 0.024375
1 0.495625 0.406562 0.027500 0.019375
1 0.435000 0.464375 0.021250 0.020000
1 0.531563 0.586250 0.051875 0.022500
1 0.687187 0.390937 0.035625 0.023125
1 0.716562 0.376875 0.055625 0.030000
1 0.719375 0.540625 0.022500 0.026250
1 0.677500 0.614062 0.081250 0.026875
1 0.699688 0.646875 0.033125 0.020000
1 0.685000 0.545625 0.020000 0.022500
1 0.704375 0.556875 0.016250 0.021250
1 0.686250 0.572812 0.013750 0.019375
1 0.067187 0.624375 0.016875 0.016250
1 0.610625 0.386875 0.020000 0.018750
1 0.875000 0.556250 0.047500 0.038750
1 0.936875 0.407187 0.026250 0.025625
1 0.938750 0.535937 0.020000 0.021875
1 0.980938 0.518750 0.021875 0.022500
1 0.971562 0.465000 0.015625 0.021250
1 0.580313 0.450313 0.021875 0.021875
1 0.831875 0.456250 0.021250 0.023750
1 0.420312 0.365312 0.026875 0.023125
1 0.385625 0.636563 0.017500 0.019375
1 0.805312 0.391562 0.014375 0.019375
1 0.772500 0.411875 0.015000 0.021250
1 0.413438 0.540625 0.014375 0.021250
