1 0.616875 0.917813 0.021250 0.123125
1 0.393750 0.516250 0.025000 0.048750
1 0.600313 0.360312 0.029375 0.130625
1 0.632500 0.691250 0.021250 0.023750
1 0.647188 0.771250 0.021875 0.102500
1 0.561875 0.549687 0.021250 0.034375
1 0.564688 0.616250 0.029375 0.032500
1 0.595313 0.643437 0.018125 0.033125
1 0.404687 0.971562 0.020625 0.056875
1 0.394688 0.666875 0.016875 0.043750
1 0.587500 0.745938 0.020000 0.033125
1 0.582500 0.794687 0.021250 0.030625
1 0.386875 0.350625 0.021250 0.051250
1 0.423750 0.161562 0.025000 0.044375
1 0.602812 0.198750 0.035625 0.152500
1 0.590000 0.988437 0.025000 0.023125
1 0.389688 0.249375 0.015625 0.023750
1 0.560625 0.116875 0.015000 0.025000
1 0.428438 0.560625 0.021875 0.017500
1 0.619687 0.542813 0.016875 0.018125
1 0.644375 0.469687 0.022500 0.053125
