1 0.612500 0.324688 0.026250 0.079375
1 0.607812 0.697812 0.028125 0.091875
1 0.593750 0.966562 0.025000 0.056875
1 0.385625 0.920625 0.020000 0.053750
1 0.586875 0.468438 0.027500 0.055625
1 0.585625 0.467187 0.027500 0.055625
1 0.407813 0.753437 0.019375 0.041875
1 0.379375 0.825625 0.021250 0.050000
1 0.546250 0.297500 0.037500 0.061250
1 0.534062 0.885312 0.016875 0.021875
1 0.375937 0.281250 0.030625 0.050000
1 0.389688 0.322813 0.016875 0.028125
1 0.546562 0.128750 0.033125 0.026250
1 0.405938 0.502500 0.018125 0.023750
1 0.389062 0.638750 0.020625 0.026250
