1 0.412813 0.654687 0.018125 0.041875
1 0.408750 0.704063 0.018750 0.041875
1 0.370625 0.970625 0.022500 0.043750
1 0.537188 0.790000 0.016875 0.041250
1 0.545937 0.844375 0.014375 0.038750
1 0.461875 0.871875 0.012500 0.037500
1 0.374688 0.646250 0.014375 0.032500
1 0.550000 0.453125 0.018750 0.046250
1 0.415000 0.603437 0.022500 0.054375
1 0.397500 0.436563 0.015000 0.031875
1 0.412813 0.465938 0.014375 0.026875
1 0.408750 0.406562 0.018750 0.038125
1 0.415938 0.305625 0.016875 0.041250
1 0.473750 0.199687 0.025000 0.039375
1 0.471562 0.151875 0.018125 0.036250
1 0.465938 0.338438 0.013125 0.031875
1 0.596875 0.305312 0.012500 0.041875
1 0.515000 0.354687 0.012500 0.031875
1 0.529375 0.154062 0.013750 0.041875
1 0.417500 0.108125 0.015000 0.038750
1 0.385937 0.254063 0.013125 0.039375
1 0.431563 0.191250 0.011875 0.033750
1 0.454062 0.101562 0.015625 0.033125
1 0.593125 0.160625 0.012500 0.035000
1 0.541875 0.012188 0.015000 0.023125
1 0.454688 0.037187 0.010625 0.030625
1 0.617812 0.108438 0.013125 0.030625
1 0.573438 0.752812 0.010625 0.025625
1 0.480000 0.524062 0.010000 0.029375
1 0.436250 0.346250 0.008750 0.016250
1 0.349375 0.582187 0.008750 0.029375
1 0.425625 0.475625 0.010000 0.028750
1 0.473750 0.232813 0.012500 0.019375
1 0.550625 0.094687 0.012500 0.021875
