1 0.565937 0.180000 0.038125 0.086250
1 0.575000 0.643125 0.026250 0.055000
1 0.554063 0.345313 0.025625 0.088125
1 0.546562 0.505625 0.023125 0.041250
1 0.479687 0.581875 0.023125 0.106250
1 0.514687 0.772500 0.021875 0.063750
1 0.493437 0.865313 0.021875 0.036875
1 0.426563 0.433750 0.024375 0.091250
1 0.498125 0.013437 0.022500 0.025625
1 0.431563 0.162188 0.019375 0.048125
1 0.380312 0.019062 0.019375 0.036875
1 0.458437 0.389062 0.016875 0.029375
1 0.505938 0.168750 0.018125 0.027500
1 0.456562 0.102188 0.018125 0.033125
1 0.637500 0.043750 0.016250 0.027500
1 0.562813 0.009062 0.024375 0.016875
1 0.367500 0.414062 0.020000 0.141875
1 0.590938 0.436563 0.016875 0.025625
1 0.534687 0.661563 0.018125 0.024375
