1 0.431875 0.180312 0.037500 0.081875
1 0.445312 0.349687 0.030625 0.095625
1 0.630000 0.401875 0.022500 0.155000
1 0.518750 0.572500 0.025000 0.086250
1 0.425312 0.646250 0.029375 0.061250
1 0.570312 0.432500 0.021875 0.086250
1 0.601562 0.718750 0.023125 0.188750
1 0.482812 0.770625 0.021875 0.065000
1 0.448750 0.501875 0.021250 0.045000
1 0.499375 0.012500 0.025000 0.023750
1 0.505938 0.864375 0.020625 0.045000
1 0.565312 0.161562 0.018125 0.055625
1 0.619687 0.016563 0.020625 0.031875
1 0.492500 0.167187 0.022500 0.030625
1 0.410625 0.436563 0.016250 0.039375
1 0.540937 0.106875 0.019375 0.035000
