1 0.301563 0.561562 0.060625 0.030625
1 0.080000 0.641875 0.088750 0.030000
1 0.070000 0.528438 0.043750 0.024375
1 0.152188 0.530312 0.055625 0.028125
1 0.042500 0.496250 0.065000 0.020000
1 0.119063 0.496875 0.048125 0.023750
1 0.307812 0.485000 0.054375 0.028750
1 0.428125 0.572500 0.075000 0.052500
1 0.406562 0.503125 0.033125 0.022500
1 0.556562 0.558438 0.068125 0.036875
1 0.601562 0.520000 0.191875 0.052500
1 0.707812 0.600625 0.026875 0.027500
1 0.763750 0.591562 0.065000 0.039375
1 0.848750 0.575000 0.032500 0.021250
1 0.954375 0.586562 0.047500 0.025625
1 0.486875 0.636875 0.081250 0.020000
1 0.590938 0.647188 0.074375 0.018125
