1 0.622500 0.940000 0.021250 0.073750
1 0.622188 0.052812 0.018125 0.043125
1 0.587187 0.721875 0.019375 0.048750
1 0.581250 0.360938 0.013750 0.034375
1 0.572500 0.267188 0.012500 0.039375
1 0.622812 0.453750 0.024375 0.130000
1 0.620000 0.347813 0.016250 0.051875
1 0.494063 0.319688 0.014375 0.038125
1 0.450625 0.278438 0.025000 0.070625
1 0.423438 0.323750 0.019375 0.057500
1 0.425312 0.271250 0.015625 0.041250
1 0.610625 0.255312 0.010000 0.055625
1 0.450313 0.169063 0.019375 0.055625
1 0.522500 0.368750 0.015000 0.047500
1 0.537500 0.490625 0.023750 0.063750
1 0.527813 0.325000 0.013125 0.045000
1 0.604062 0.123438 0.010625 0.028125
1 0.625625 0.291875 0.015000 0.027500
1 0.458750 0.088750 0.012500 0.030000
1 0.408438 0.181875 0.014375 0.036250
1 0.397813 0.024063 0.011875 0.046875
1 0.392188 0.103750 0.009375 0.031250
1 0.399062 0.138750 0.009375 0.032500
1 0.397813 0.137500 0.009375 0.032500
1 0.507188 0.210938 0.019375 0.036875
1 0.630000 0.237500 0.015000 0.037500
1 0.630000 0.173437 0.008750 0.026875
1 0.541562 0.601250 0.030625 0.103750
1 0.475000 0.427500 0.015000 0.047500
1 0.548750 0.711562 0.016250 0.043125
1 0.484375 0.252188 0.013750 0.031875
1 0.496875 0.148750 0.017500 0.033750
1 0.538438 0.420312 0.011875 0.029375
1 0.628437 0.581875 0.009375 0.030000
1 0.627188 0.629062 0.006875 0.019375
1 0.475625 0.030312 0.021250 0.045625
1 0.382812 0.158750 0.020625 0.076250
