1 0.031250 0.370000 0.046250 0.025000
1 0.293750 0.407813 0.041250 0.021875
1 0.127188 0.461250 0.035625 0.016250
1 0.150625 0.545937 0.050000 0.018125
1 0.210313 0.536563 0.046875 0.016875
1 0.342813 0.411562 0.040625 0.023125
1 0.353125 0.373750 0.033750 0.015000
1 0.398125 0.413438 0.051250 0.024375
1 0.534375 0.412500 0.033750 0.013750
1 0.473438 0.479375 0.025625 0.011250
1 0.563125 0.395625 0.031250 0.017500
1 0.595938 0.408438 0.036875 0.019375
1 0.692813 0.415625 0.036875 0.020000
1 0.661250 0.465313 0.031250 0.014375
1 0.543750 0.549063 0.043750 0.019375
1 0.501563 0.573438 0.023125 0.010625
1 0.746250 0.385000 0.038750 0.012500
1 0.800000 0.473438 0.041250 0.021875
1 0.850625 0.472500 0.043750 0.022500
1 0.809375 0.430937 0.035000 0.014375
1 0.890312 0.418750 0.034375 0.020000
1 0.898750 0.452813 0.033750 0.019375
1 0.844688 0.529687 0.039375 0.018125
1 0.645000 0.515312 0.032500 0.014375
1 0.689688 0.596562 0.031875 0.015625
1 0.838437 0.591562 0.038125 0.015625
1 0.895938 0.618750 0.033125 0.016250
1 0.962812 0.453750 0.025625 0.011250
1 0.991875 0.540937 0.016250 0.013125
1 0.523438 0.425312 0.021875 0.009375
1 0.419687 0.348438 0.029375 0.009375
1 0.766250 0.474062 0.020000 0.014375
1 0.946875 0.555937 0.025000 0.010625
1 0.906250 0.549375 0.023750 0.010000
1 0.571875 0.508437 0.026250 0.008125
1 0.534687 0.571875 0.021875 0.010000
1 0.711875 0.511563 0.037500 0.010625
