1 0.057188 0.624375 0.076875 0.025000
1 0.278438 0.586875 0.043125 0.015000
1 0.227187 0.627500 0.023125 0.012500
1 0.369688 0.629062 0.024375 0.014375
1 0.417812 0.627812 0.029375 0.013125
1 0.634687 0.582187 0.038125 0.018125
1 0.732812 0.574063 0.034375 0.016875
1 0.945312 0.623125 0.030625 0.015000
1 0.876250 0.603750 0.030000 0.011250
1 0.849375 0.594375 0.020000 0.008750
1 0.861563 0.615000 0.018125 0.008750
1 0.825000 0.628750 0.017500 0.008750
1 0.679063 0.494063 0.039375 0.015625
1 0.830313 0.448437 0.046875 0.016875
1 0.729062 0.424063 0.036875 0.014375
1 0.748125 0.484063 0.025000 0.014375
1 0.910937 0.458125 0.031875 0.013750
1 0.722500 0.449062 0.072500 0.018125
1 0.816875 0.409375 0.036250 0.011250
1 0.819688 0.396562 0.029375 0.010625
1 0.709063 0.626250 0.023125 0.013750
1 0.636563 0.619062 0.020625 0.016875
1 0.664062 0.618750 0.024375 0.016250
1 0.514375 0.624375 0.077500 0.020000
1 0.585000 0.624687 0.051250 0.015625
1 0.743437 0.610625 0.053125 0.012500
1 0.739688 0.621563 0.020625 0.008125
1 0.760938 0.630000 0.035625 0.013750
1 0.895625 0.391562 0.030000 0.011875
1 0.861250 0.398438 0.025000 0.009375
1 0.975625 0.396875 0.048750 0.016250
1 0.627500 0.524375 0.051250 0.018750
1 0.674063 0.527188 0.051875 0.018125
1 0.288125 0.547813 0.040000 0.014375
1 0.546250 0.492500 0.018750 0.008750
1 0.570625 0.476562 0.048750 0.015625
1 0.789375 0.505938 0.038750 0.016875
1 0.675937 0.422187 0.058125 0.018125
1 0.725625 0.529687 0.045000 0.018125
1 0.727187 0.512500 0.033125 0.011250
1 0.510938 0.555000 0.021875 0.011250
1 0.487500 0.527500 0.021250 0.008750
1 0.508125 0.538125 0.070000 0.018750
1 0.350313 0.506250 0.031875 0.011250
1 0.591875 0.512813 0.018750 0.011875
1 0.578750 0.539062 0.025000 0.009375
1 0.778438 0.420312 0.021875 0.008125
1 0.787500 0.430937 0.015000 0.005625
1 0.845625 0.492500 0.022500 0.008750
1 0.851875 0.500313 0.025000 0.010625
1 0.883750 0.488438 0.013750 0.008125
1 0.969063 0.475625 0.049375 0.020000
1 0.944375 0.419063 0.015000 0.008125
1 0.842812 0.383125 0.066875 0.012500
