1 0.754375 0.410313 0.041250 0.021875
1 0.326250 0.615000 0.076250 0.023750
1 0.826875 0.378437 0.041250 0.019375
1 0.920000 0.385313 0.053750 0.023125
1 0.887813 0.533125 0.025625 0.020000
1 0.693750 0.606875 0.086250 0.031250
1 0.280313 0.541562 0.024375 0.025625
1 0.315937 0.544687 0.016875 0.023125
1 0.299063 0.555937 0.015625 0.019375
1 0.314375 0.572187 0.012500 0.016875
1 0.313437 0.389375 0.034375 0.018750
1 0.065625 0.405313 0.023750 0.023125
1 0.018750 0.515938 0.020000 0.024375
1 0.131250 0.547188 0.022500 0.023125
1 0.125625 0.562813 0.047500 0.026875
1 0.298750 0.647813 0.030000 0.016875
1 0.468125 0.587187 0.042500 0.024375
1 0.634687 0.390000 0.019375 0.017500
1 0.502188 0.405938 0.019375 0.019375
1 0.971250 0.595313 0.050000 0.021875
1 0.804063 0.552188 0.014375 0.019375
1 0.564688 0.463750 0.018125 0.017500
1 0.418750 0.451562 0.017500 0.016875
1 0.849688 0.412187 0.015625 0.014375
1 0.614375 0.635938 0.018750 0.010625
1 0.934688 0.624687 0.008125 0.016875
1 0.062812 0.534687 0.018125 0.021875
1 0.586562 0.540625 0.011875 0.013750
1 0.580313 0.365938 0.015625 0.013125
1 0.390313 0.387188 0.010625 0.014375
1 0.170937 0.454062 0.015625 0.019375
1 0.554063 0.431563 0.014375 0.011875
1 0.018750 0.384375 0.036250 0.022500
1 0.027187 0.465313 0.018125 0.014375
1 0.194062 0.390625 0.011875 0.020000
1 0.229687 0.409375 0.014375 0.017500
