3 0.428125 0.708125 0.037500 0.126250
3 0.599375 0.269062 0.047500 0.104375
3 0.394375 0.541562 0.047500 0.130625
3 0.548438 0.572812 0.066875 0.131875
3 0.390937 0.886563 0.020625 0.069375
3 0.564063 0.107813 0.053125 0.190625
3 0.386250 0.664687 0.025000 0.093125
3 0.449375 0.145937 0.023750 0.144375
3 0.530000 0.312500 0.046250 0.088750
3 0.449375 0.822187 0.026250 0.058125
3 0.626250 0.479687 0.027500 0.055625
3 0.598437 0.597500 0.030625 0.055000
3 0.475625 0.251563 0.017500 0.046875
3 0.575625 0.464687 0.021250 0.048125
3 0.423125 0.432188 0.012500 0.028125
3 0.487500 0.456562 0.020000 0.034375
3 0.507812 0.841562 0.034375 0.130625
3 0.430625 0.280313 0.027500 0.093125
