3 0.512813 0.265313 0.019375 0.021875
3 0.483125 0.446875 0.013750 0.030000
3 0.451250 0.542500 0.012500 0.013750
3 0.436875 0.667188 0.018750 0.025625
3 0.466875 0.679688 0.010000 0.016875
3 0.431875 0.721875 0.018750 0.021250
3 0.443750 0.622812 0.015000 0.019375
3 0.425000 0.836562 0.013750 0.024375
3 0.448437 0.885625 0.011875 0.015000
3 0.432500 0.742188 0.008750 0.011875
3 0.451250 0.719688 0.012500 0.018125
3 0.467813 0.643437 0.010625 0.014375
3 0.434688 0.918125 0.016875 0.025000
3 0.459062 0.735625 0.013125 0.012500
3 0.433125 0.860625 0.011250 0.012500
