3 0.061250 0.858750 0.026250 0.025000
3 0.163750 0.797813 0.020000 0.018125
3 0.045312 0.887500 0.016875 0.017500
3 0.242188 0.740938 0.026875 0.024375
3 0.293438 0.718750 0.019375 0.016250
3 0.293438 0.757188 0.014375 0.011875
3 0.033750 0.922500 0.016250 0.015000
3 0.689688 0.536563 0.021875 0.020625
3 0.494063 0.633125 0.024375 0.021250
3 0.375937 0.668125 0.015625 0.013750
3 0.257812 0.783125 0.016875 0.016250
3 0.193750 0.793750 0.038750 0.055000
3 0.722500 0.457188 0.025000 0.021875
3 0.880313 0.372500 0.013125 0.010000
