5 0.458437 0.210938 0.029375 0.123125
5 0.488438 0.255312 0.039375 0.131875
5 0.565000 0.180312 0.038750 0.118125
5 0.607812 0.120000 0.039375 0.091250
5 0.608437 0.056250 0.034375 0.111250
5 0.437812 0.329688 0.029375 0.089375
5 0.412500 0.518750 0.026250 0.111250
5 0.471562 0.511875 0.030625 0.100000
5 0.518437 0.471250 0.045625 0.136250
5 0.373125 0.683125 0.022500 0.048750
5 0.367500 0.828438 0.027500 0.080625
5 0.453437 0.697812 0.030625 0.078125
5 0.443125 0.693438 0.037500 0.083125
5 0.446875 0.625625 0.022500 0.075000
5 0.414062 0.785937 0.029375 0.068125
5 0.516875 0.059062 0.037500 0.105625
5 0.420312 0.844375 0.030625 0.065000
