5 0.446562 0.387500 0.008125 0.052500
5 0.463125 0.364063 0.007500 0.064375
5 0.499063 0.369688 0.006875 0.056875
5 0.482187 0.385000 0.006875 0.041250
5 0.469062 0.322188 0.006875 0.089375
5 0.472500 0.450313 0.008750 0.110625
5 0.485938 0.464687 0.005625 0.069375
5 0.468750 0.540625 0.007500 0.095000
5 0.475938 0.555937 0.006875 0.074375
5 0.490000 0.205937 0.006250 0.068125
5 0.505938 0.074375 0.008125 0.085000
5 0.490938 0.054062 0.006875 0.078125
5 0.461875 0.024063 0.006250 0.046875
5 0.445625 0.086563 0.006250 0.134375
5 0.442188 0.017500 0.006875 0.033750
5 0.479063 0.034688 0.008125 0.068125
5 0.440312 0.191250 0.006875 0.026250
5 0.450000 0.642500 0.006250 0.071250
5 0.491563 0.618125 0.004375 0.033750
5 0.478750 0.662188 0.006250 0.083125
5 0.470938 0.706562 0.005625 0.041875
5 0.453437 0.794687 0.006875 0.081875
5 0.475625 0.772813 0.005000 0.091875
5 0.485000 0.790312 0.005000 0.024375
5 0.465938 0.754375 0.006875 0.037500
5 0.468125 0.882188 0.006250 0.075625
5 0.456875 0.882500 0.006250 0.050000
5 0.498125 0.860000 0.007500 0.067500
5 0.512813 0.875313 0.005625 0.043125
5 0.489375 0.954375 0.006250 0.052500
5 0.465938 0.968125 0.006875 0.063750
5 0.473438 0.950000 0.005625 0.040000
5 0.508125 0.979062 0.006250 0.041875
5 0.495937 0.979375 0.006875 0.036250
5 0.444375 0.676562 0.003750 0.044375
5 0.481250 0.109375 0.006250 0.026250
5 0.450937 0.119688 0.005625 0.016875
5 0.479063 0.831250 0.006875 0.037500
