5 0.482812 0.117813 0.016875 0.131875
5 0.562813 0.114375 0.009375 0.080000
5 0.545000 0.092188 0.008750 0.073125
5 0.510938 0.048438 0.008125 0.065625
5 0.486250 0.039062 0.011250 0.046875
5 0.531250 0.244062 0.010000 0.064375
5 0.466875 0.220938 0.006250 0.021875
5 0.532188 0.071250 0.009375 0.070000
5 0.460313 0.418438 0.006875 0.053125
5 0.493125 0.355625 0.011250 0.083750
5 0.481875 0.400625 0.008750 0.065000
5 0.530000 0.415938 0.007500 0.059375
5 0.505938 0.422500 0.006875 0.042500
5 0.488438 0.487500 0.010625 0.106250
5 0.504062 0.503750 0.005625 0.062500
5 0.473750 0.575625 0.010000 0.086250
5 0.483125 0.589688 0.011250 0.059375
5 0.442188 0.677500 0.008125 0.070000
5 0.430937 0.714688 0.008125 0.043125
5 0.463438 0.747500 0.008125 0.046250
5 0.477812 0.703125 0.009375 0.077500
5 0.499688 0.662500 0.004375 0.036250
5 0.434063 0.834688 0.010625 0.089375
5 0.465313 0.816250 0.014375 0.085000
5 0.453437 0.794063 0.008125 0.039375
5 0.487500 0.906250 0.010000 0.067500
5 0.431250 0.921250 0.007500 0.053750
5 0.445312 0.922500 0.010625 0.076250
5 0.437500 0.987812 0.006250 0.024375
5 0.446875 0.987187 0.007500 0.025625
5 0.469375 0.989688 0.008750 0.020625
5 0.505313 0.923438 0.005625 0.043125
5 0.475625 0.831562 0.006250 0.023125
5 0.465313 0.870000 0.005625 0.036250
