5 0.405000 0.728125 0.033750 0.133750
5 0.361250 0.503750 0.026250 0.087500
5 0.395625 0.625625 0.017500 0.066250
5 0.357812 0.602500 0.018125 0.088750
5 0.421563 0.618750 0.013125 0.061250
5 0.384062 0.590938 0.025625 0.108125
5 0.459375 0.492500 0.023750 0.137500
5 0.501250 0.468750 0.012500 0.067500
5 0.448750 0.394375 0.016250 0.077500
5 0.370625 0.379063 0.025000 0.123125
5 0.403125 0.324688 0.013750 0.049375
5 0.409062 0.195625 0.018125 0.047500
5 0.425000 0.208750 0.030000 0.133750
5 0.425000 0.148438 0.018750 0.066875
5 0.461875 0.110937 0.018750 0.079375
5 0.511563 0.183125 0.013125 0.041250
5 0.501875 0.053125 0.015000 0.063750
5 0.545625 0.037500 0.017500 0.073750
5 0.502188 0.328125 0.036875 0.203750
5 0.402500 0.926562 0.038750 0.145625
5 0.358750 0.952500 0.015000 0.071250
5 0.379063 0.870000 0.014375 0.042500
5 0.356875 0.362187 0.012500 0.031875
5 0.391562 0.062187 0.019375 0.039375
5 0.376875 0.186250 0.013750 0.045000
5 0.354687 0.088750 0.010625 0.047500
5 0.364687 0.021250 0.011875 0.041250
5 0.361875 0.265937 0.010000 0.023125
5 0.417812 0.467500 0.019375 0.087500
