5 0.526250 0.133437 0.021250 0.131875
5 0.394062 0.381250 0.024375 0.080000
5 0.437812 0.452188 0.024375 0.104375
5 0.434375 0.341875 0.013750 0.061250
5 0.638437 0.138750 0.018125 0.103750
5 0.474062 0.070312 0.014375 0.056875
5 0.408125 0.101250 0.016250 0.082500
5 0.546875 0.255312 0.053750 0.143125
5 0.517813 0.559375 0.015625 0.126250
5 0.409375 0.482812 0.012500 0.055625
5 0.553438 0.430937 0.014375 0.088125
5 0.579375 0.484063 0.013750 0.066875
5 0.392188 0.646563 0.015625 0.076875
5 0.395313 0.773125 0.015625 0.068750
5 0.340000 0.924375 0.018750 0.070000
5 0.376250 0.956562 0.020000 0.068125
5 0.475000 0.957500 0.023750 0.085000
5 0.519687 0.929375 0.014375 0.105000
5 0.479375 0.821562 0.018750 0.068125
5 0.515938 0.800625 0.049375 0.157500
5 0.505938 0.673750 0.015625 0.053750
5 0.566250 0.894687 0.020000 0.089375
5 0.533125 0.675000 0.013750 0.055000
5 0.551562 0.651250 0.020625 0.102500
5 0.587500 0.356563 0.013750 0.055625
5 0.562813 0.078750 0.018125 0.081250
5 0.604688 0.115625 0.023125 0.110000
5 0.596562 0.044375 0.015625 0.057500
5 0.438750 0.250000 0.013750 0.051250
5 0.353750 0.480625 0.016250 0.045000
5 0.435937 0.720938 0.024375 0.150625
5 0.450313 0.810312 0.021875 0.048125
