5 0.512188 0.955313 0.019375 0.079375
5 0.465625 0.819063 0.013750 0.110625
5 0.393437 0.772500 0.011875 0.040000
5 0.408750 0.767500 0.008750 0.040000
5 0.395625 0.685625 0.011250 0.068750
5 0.416250 0.721562 0.010000 0.070625
5 0.443750 0.937187 0.022500 0.123125
5 0.487500 0.585625 0.011250 0.093750
5 0.376875 0.795937 0.010000 0.031875
5 0.384062 0.612812 0.011875 0.033125
5 0.359063 0.615000 0.008125 0.045000
5 0.350625 0.622188 0.015000 0.100625
5 0.362187 0.476562 0.015625 0.080625
5 0.383750 0.486250 0.016250 0.086250
5 0.406875 0.516875 0.013750 0.092500
5 0.435312 0.465625 0.018125 0.112500
5 0.447500 0.435937 0.011250 0.060625
5 0.477187 0.475313 0.011875 0.118125
5 0.472187 0.572812 0.010625 0.035625
5 0.472187 0.697812 0.010625 0.031875
5 0.390937 0.392188 0.011875 0.083125
5 0.409375 0.416875 0.013750 0.097500
5 0.384688 0.222500 0.013125 0.045000
5 0.341562 0.168750 0.015625 0.080000
5 0.356250 0.209375 0.010000 0.033750
5 0.346250 0.460938 0.010000 0.063125
5 0.463125 0.383437 0.012500 0.048125
5 0.483438 0.379688 0.014375 0.048125
5 0.502500 0.322500 0.010000 0.060000
5 0.473750 0.301563 0.012500 0.055625
5 0.491563 0.341562 0.010625 0.035625
5 0.486875 0.177187 0.012500 0.030625
5 0.431563 0.116562 0.018125 0.034375
5 0.415625 0.181875 0.017500 0.362500
5 0.402500 0.146563 0.011250 0.043125
5 0.390937 0.129688 0.011875 0.041875
5 0.439063 0.231563 0.016875 0.130625
5 0.454688 0.181875 0.009375 0.081250
5 0.330625 0.234375 0.013750 0.080000
5 0.321562 0.171563 0.013125 0.043125
5 0.495000 0.118750 0.010000 0.046250
5 0.520938 0.335938 0.016875 0.058125
5 0.433750 0.792813 0.018750 0.144375
5 0.536250 0.765938 0.008750 0.050625
5 0.393437 0.938750 0.010625 0.036250
5 0.340625 0.029063 0.013750 0.056875
5 0.323750 0.060937 0.012500 0.111875
5 0.467813 0.026562 0.013125 0.046875
5 0.390000 0.072188 0.011250 0.036875
5 0.502188 0.053437 0.009375 0.036875
5 0.432500 0.054375 0.010000 0.026250
5 0.383750 0.024688 0.012500 0.048125
5 0.422812 0.602500 0.006875 0.030000
5 0.410938 0.605625 0.010625 0.030000
5 0.439063 0.569063 0.011875 0.031875
5 0.518125 0.562813 0.008750 0.030625
5 0.483438 0.032188 0.014375 0.046875
