5 0.434063 0.040625 0.016875 0.075000
5 0.416875 0.460938 0.017500 0.073125
5 0.440000 0.348438 0.013750 0.104375
5 0.360312 0.213438 0.010625 0.086875
5 0.373437 0.189688 0.010625 0.038125
5 0.432812 0.130938 0.010625 0.051875
5 0.462187 0.115937 0.014375 0.066875
5 0.485625 0.229375 0.012500 0.116250
5 0.470000 0.198437 0.012500 0.038125
5 0.532188 0.364375 0.014375 0.095000
5 0.498125 0.368437 0.015000 0.056875
5 0.522813 0.062812 0.014375 0.046875
5 0.533438 0.116875 0.010625 0.087500
5 0.577500 0.101562 0.017500 0.066875
5 0.574063 0.018125 0.010625 0.035000
5 0.361875 0.058438 0.011250 0.041875
5 0.450313 0.242500 0.011875 0.026250
5 0.449062 0.598125 0.010625 0.058750
5 0.358438 0.618750 0.006875 0.072500
5 0.369063 0.570937 0.008125 0.056875
5 0.433125 0.702500 0.010000 0.116250
5 0.439375 0.847812 0.016250 0.125625
5 0.397500 0.916562 0.013750 0.076875
5 0.372812 0.937500 0.015625 0.112500
5 0.484375 0.947500 0.011250 0.087500
5 0.462187 0.914062 0.011875 0.039375
5 0.446875 0.969063 0.011250 0.061875
5 0.507812 0.905312 0.013125 0.044375
5 0.412500 0.835000 0.011250 0.072500
5 0.415000 0.720313 0.011250 0.035625
5 0.455313 0.706250 0.013125 0.035000
5 0.513125 0.675937 0.011250 0.051875
5 0.514062 0.736250 0.010625 0.040000
5 0.357187 0.448750 0.013125 0.060000
5 0.355938 0.376563 0.010625 0.039375
5 0.556562 0.244375 0.014375 0.062500
5 0.495000 0.475000 0.010000 0.062500
5 0.485938 0.549687 0.009375 0.031875
5 0.521563 0.496563 0.008125 0.033125
5 0.502500 0.107188 0.015000 0.030625
5 0.358438 0.828125 0.008125 0.047500
5 0.371875 0.739375 0.008750 0.033750
5 0.487500 0.638125 0.008750 0.048750
5 0.411875 0.353750 0.013750 0.018750
5 0.535937 0.460000 0.013125 0.057500
5 0.359063 0.935625 0.006875 0.038750
5 0.392500 0.604375 0.007500 0.023750
