5 0.355312 0.101875 0.015625 0.081250
5 0.393437 0.160000 0.009375 0.046250
5 0.435312 0.046875 0.013125 0.043750
5 0.373750 0.433437 0.012500 0.080625
5 0.399062 0.341875 0.010625 0.085000
5 0.392188 0.444063 0.013125 0.091875
5 0.392500 0.577500 0.008750 0.033750
5 0.413125 0.477812 0.012500 0.099375
5 0.449688 0.389688 0.008125 0.056875
5 0.438750 0.425000 0.012500 0.117500
5 0.464062 0.335000 0.009375 0.052500
5 0.416563 0.375937 0.013125 0.103125
5 0.476562 0.434688 0.011875 0.119375
5 0.484687 0.116562 0.010625 0.038125
5 0.473750 0.247812 0.008750 0.055625
5 0.409375 0.079687 0.008750 0.040625
5 0.398438 0.065625 0.009375 0.043750
5 0.422187 0.158125 0.011875 0.315000
5 0.444063 0.173750 0.014375 0.143750
5 0.456250 0.115937 0.008750 0.090625
5 0.492188 0.047500 0.008125 0.051250
5 0.340000 0.025313 0.008750 0.049375
5 0.368437 0.147500 0.006875 0.038750
5 0.359375 0.423438 0.010000 0.061875
5 0.483125 0.328125 0.007500 0.042500
5 0.499063 0.268750 0.010625 0.061250
5 0.490625 0.292187 0.007500 0.036875
5 0.513437 0.286562 0.009375 0.053125
5 0.402500 0.659062 0.010000 0.076875
5 0.362500 0.595938 0.012500 0.103125
5 0.471875 0.672813 0.008750 0.033125
5 0.422500 0.696250 0.007500 0.076250
5 0.400625 0.750000 0.008750 0.042500
5 0.465625 0.798438 0.010000 0.108125
5 0.508125 0.947500 0.013750 0.080000
5 0.387188 0.770625 0.008125 0.026250
5 0.485938 0.547813 0.010625 0.099375
5 0.471875 0.538125 0.010000 0.040000
5 0.530312 0.744687 0.006875 0.059375
5 0.427500 0.568438 0.006250 0.029375
5 0.416563 0.568438 0.005625 0.020625
5 0.439063 0.320625 0.006875 0.025000
5 0.442500 0.531250 0.008750 0.036250
5 0.453750 0.516875 0.006250 0.025000
5 0.385937 0.342813 0.006875 0.029375
5 0.387188 0.373750 0.005625 0.023750
5 0.346250 0.175625 0.008750 0.082500
5 0.337813 0.107188 0.010625 0.043125
5 0.382188 0.702500 0.008125 0.027500
5 0.400625 0.929375 0.008750 0.043750
5 0.441563 0.844375 0.021875 0.311250
