5 0.518750 0.130312 0.012500 0.123125
5 0.575313 0.138750 0.011875 0.090000
5 0.556562 0.134687 0.011875 0.114375
5 0.536875 0.083750 0.007500 0.080000
5 0.553125 0.050313 0.007500 0.050625
5 0.532188 0.252812 0.020625 0.126875
5 0.453125 0.245938 0.008750 0.038125
5 0.471875 0.247812 0.008750 0.039375
5 0.486250 0.280000 0.007500 0.036250
5 0.548438 0.353438 0.009375 0.045625
5 0.470938 0.337813 0.006875 0.055625
5 0.447813 0.376250 0.008125 0.057500
5 0.455937 0.373125 0.006875 0.037500
5 0.442188 0.426875 0.006875 0.048750
5 0.430625 0.480938 0.008750 0.038125
5 0.458750 0.486875 0.007500 0.062500
5 0.520625 0.376875 0.006250 0.050000
5 0.473438 0.457813 0.011875 0.100625
5 0.531875 0.428750 0.008750 0.071250
5 0.544687 0.484063 0.006875 0.056875
5 0.513125 0.567813 0.011250 0.135625
5 0.551250 0.555625 0.007500 0.037500
5 0.451562 0.645938 0.008125 0.068125
5 0.548125 0.601875 0.006250 0.042500
5 0.507500 0.675312 0.006250 0.039375
5 0.521250 0.673438 0.007500 0.045625
5 0.493750 0.823750 0.010000 0.070000
5 0.538750 0.898125 0.006250 0.073750
5 0.540625 0.778750 0.006250 0.041250
5 0.441875 0.957500 0.006250 0.071250
5 0.423750 0.924687 0.008750 0.055625
5 0.464375 0.912813 0.007500 0.041875
5 0.490625 0.957500 0.012500 0.085000
5 0.451562 0.775000 0.008125 0.071250
5 0.440312 0.669687 0.006875 0.033125
5 0.507188 0.418438 0.008125 0.059375
5 0.489687 0.071563 0.006875 0.046875
5 0.457500 0.114687 0.006250 0.049375
5 0.443437 0.143125 0.005625 0.027500
5 0.531250 0.654375 0.007500 0.056250
5 0.560625 0.455313 0.005000 0.028125
5 0.514375 0.423438 0.006250 0.031875
5 0.471250 0.721562 0.010000 0.139375
5 0.479063 0.798750 0.008125 0.066250
5 0.506563 0.970938 0.008125 0.058125
5 0.514062 0.929688 0.006875 0.108125
5 0.514062 0.789375 0.025625 0.161250
5 0.421250 0.554688 0.006250 0.035625
5 0.485938 0.634687 0.006875 0.069375
5 0.425000 0.673438 0.006250 0.060625
