5 0.570000 0.019688 0.010000 0.038125
5 0.507500 0.033750 0.016250 0.043750
5 0.502500 0.121250 0.013750 0.045000
5 0.540625 0.175625 0.022500 0.121250
5 0.565625 0.127188 0.011250 0.076875
5 0.588750 0.097812 0.012500 0.045625
5 0.594688 0.171563 0.014375 0.110625
5 0.617812 0.179063 0.014375 0.076875
5 0.458125 0.155625 0.010000 0.038750
5 0.552188 0.283750 0.041875 0.130000
5 0.479375 0.275938 0.011250 0.044375
5 0.450625 0.275938 0.010000 0.036875
5 0.475313 0.353438 0.011875 0.048125
5 0.582812 0.371250 0.011875 0.042500
5 0.442188 0.382812 0.009375 0.036875
5 0.454688 0.385000 0.008125 0.030000
5 0.435312 0.433750 0.010625 0.038750
5 0.559063 0.434688 0.013125 0.059375
5 0.544063 0.388750 0.010625 0.043750
5 0.477812 0.464375 0.015625 0.093750
5 0.457500 0.486563 0.010000 0.058125
5 0.575937 0.486563 0.008125 0.051875
5 0.525000 0.423438 0.010000 0.054375
5 0.421250 0.481875 0.011250 0.038750
5 0.532500 0.566562 0.016250 0.095625
5 0.586250 0.546250 0.010000 0.027500
5 0.580313 0.592812 0.009375 0.030625
5 0.448750 0.633750 0.013750 0.070000
5 0.433125 0.648438 0.008750 0.026875
5 0.496250 0.626563 0.010000 0.070625
5 0.479375 0.715938 0.020000 0.159375
5 0.507500 0.789687 0.013750 0.068125
5 0.411250 0.873750 0.012500 0.053750
5 0.436563 0.904062 0.015625 0.071875
5 0.463125 0.974063 0.011250 0.051875
5 0.525937 0.656875 0.011875 0.047500
5 0.551875 0.638437 0.026250 0.079375
5 0.535000 0.764375 0.035000 0.151250
5 0.535000 0.885312 0.008750 0.086875
5 0.501563 0.930937 0.014375 0.138125
5 0.570625 0.855313 0.013750 0.074375
5 0.572187 0.748437 0.009375 0.038125
5 0.449062 0.743125 0.013125 0.062500
5 0.598750 0.459062 0.008750 0.024375
5 0.407813 0.545625 0.008125 0.037500
5 0.496875 0.305625 0.011250 0.033750
5 0.414062 0.952500 0.014375 0.040000
