5 0.475000 0.137500 0.015000 0.137500
5 0.492188 0.251563 0.020625 0.141875
5 0.495312 0.080937 0.009375 0.088125
5 0.521563 0.128438 0.011875 0.124375
5 0.542188 0.135313 0.013125 0.090625
5 0.516250 0.045937 0.008750 0.044375
5 0.442188 0.071250 0.008125 0.043750
5 0.404375 0.113125 0.008750 0.052500
5 0.418750 0.337500 0.007500 0.050000
5 0.397813 0.248750 0.008125 0.040000
5 0.422500 0.248438 0.010000 0.041875
5 0.391875 0.372188 0.006250 0.044375
5 0.385313 0.428438 0.008125 0.040625
5 0.401562 0.373437 0.008125 0.039375
5 0.510625 0.355938 0.008750 0.046875
5 0.477187 0.378750 0.006875 0.051250
5 0.371563 0.480938 0.006875 0.035625
5 0.403750 0.488438 0.007500 0.063125
5 0.423125 0.455937 0.016250 0.098125
5 0.490625 0.428438 0.008750 0.073125
5 0.505938 0.486875 0.008125 0.058750
5 0.524375 0.455937 0.006250 0.030625
5 0.462813 0.426875 0.009375 0.042500
5 0.437188 0.281875 0.009375 0.032500
5 0.388437 0.142187 0.006875 0.025625
5 0.467813 0.572187 0.011875 0.119375
5 0.513750 0.553750 0.006250 0.033750
5 0.508750 0.606250 0.008750 0.033750
5 0.395937 0.645938 0.010625 0.070625
5 0.417500 0.724063 0.015000 0.141875
5 0.396875 0.772813 0.010000 0.064375
5 0.445937 0.828438 0.009375 0.074375
5 0.462500 0.676875 0.010000 0.042500
5 0.484375 0.665000 0.021250 0.071250
5 0.470313 0.797188 0.030625 0.171875
5 0.360625 0.554375 0.006250 0.028750
5 0.365625 0.674063 0.007500 0.061875
5 0.498125 0.898125 0.011250 0.081250
5 0.364063 0.923750 0.010625 0.062500
5 0.386250 0.956875 0.011250 0.073750
5 0.413125 0.914687 0.010000 0.044375
5 0.443437 0.959063 0.014375 0.081875
5 0.469062 0.936562 0.010625 0.106875
5 0.459375 0.961250 0.011250 0.043750
5 0.383125 0.668438 0.008750 0.028125
5 0.427500 0.800625 0.008750 0.060000
5 0.414375 0.528750 0.006250 0.027500
5 0.545937 0.235937 0.008125 0.038125
