5 0.377188 0.244688 0.020625 0.146875
5 0.446562 0.327813 0.020625 0.108125
5 0.446562 0.585000 0.015625 0.050000
5 0.409062 0.583750 0.023125 0.200000
5 0.493750 0.382188 0.021250 0.050625
5 0.417500 0.321250 0.026250 0.297500
5 0.352812 0.302500 0.019375 0.040000
5 0.344375 0.375937 0.022500 0.031875
5 0.496563 0.711250 0.024375 0.067500
5 0.496875 0.490938 0.018750 0.056875
5 0.440000 0.725625 0.030000 0.041250
5 0.515312 0.576562 0.033125 0.185625
5 0.540000 0.263125 0.031250 0.181250
5 0.323437 0.394688 0.029375 0.308125
