5 0.524687 0.648125 0.018125 0.116250
5 0.550625 0.531875 0.020000 0.076250
5 0.535937 0.290312 0.018125 0.113125
5 0.469687 0.050937 0.014375 0.089375
5 0.606875 0.062500 0.012500 0.112500
5 0.576562 0.085000 0.014375 0.083750
5 0.496875 0.084687 0.013750 0.046875
5 0.512500 0.034688 0.017500 0.068125
5 0.524062 0.149375 0.016875 0.136250
5 0.555937 0.163750 0.008125 0.073750
5 0.433437 0.323750 0.010625 0.047500
5 0.434375 0.262500 0.012500 0.045000
5 0.607500 0.257812 0.010000 0.040625
5 0.513437 0.402187 0.010625 0.058125
5 0.608750 0.427812 0.011250 0.058125
5 0.382188 0.754687 0.013125 0.063125
5 0.411250 0.635000 0.012500 0.095000
5 0.450000 0.630938 0.012500 0.055625
5 0.409687 0.884062 0.011875 0.083125
5 0.424063 0.935000 0.011875 0.053750
5 0.496563 0.885625 0.014375 0.057500
5 0.466875 0.763750 0.015000 0.120000
5 0.532500 0.866563 0.008750 0.056875
5 0.619062 0.786250 0.009375 0.086250
5 0.529375 0.956875 0.016250 0.076250
5 0.617500 0.939375 0.007500 0.038750
5 0.453125 0.514062 0.010000 0.045625
5 0.467813 0.446250 0.010625 0.036250
5 0.441875 0.091250 0.012500 0.045000
5 0.505625 0.290000 0.013750 0.030000
5 0.623125 0.169687 0.006250 0.053125
5 0.622188 0.380312 0.009375 0.070625
5 0.624687 0.551250 0.010625 0.065000
5 0.626250 0.620313 0.007500 0.041875
5 0.612500 0.694063 0.007500 0.033125
5 0.487812 0.799375 0.015625 0.047500
5 0.510000 0.755938 0.012500 0.030625
5 0.424063 0.501875 0.009375 0.030000
5 0.623437 0.063125 0.010625 0.053750
5 0.564375 0.330000 0.007500 0.025000
5 0.581562 0.394375 0.008125 0.025000
5 0.618750 0.323125 0.008750 0.042500
5 0.466875 0.356563 0.013750 0.049375
5 0.362500 0.980313 0.016250 0.039375
5 0.357812 0.898125 0.014375 0.077500
