5 0.423750 0.460313 0.028750 0.080625
5 0.461250 0.347813 0.026250 0.108125
5 0.390937 0.916562 0.019375 0.079375
5 0.353125 0.937813 0.023750 0.116875
5 0.415625 0.834063 0.015000 0.069375
5 0.454375 0.852500 0.026250 0.135000
5 0.468125 0.969063 0.015000 0.061875
5 0.491875 0.912188 0.021250 0.043125
5 0.529375 0.943750 0.017500 0.088750
5 0.564063 0.904375 0.018125 0.050000
5 0.447500 0.707187 0.021250 0.119375
5 0.480000 0.704688 0.025000 0.046875
5 0.573125 0.672188 0.025000 0.056875
5 0.574688 0.733125 0.019375 0.051250
5 0.598750 0.361563 0.021250 0.094375
5 0.473125 0.595000 0.020000 0.058750
5 0.531250 0.232500 0.025000 0.111250
5 0.527813 0.637188 0.020625 0.056875
5 0.549063 0.369375 0.018125 0.060000
5 0.452188 0.040938 0.028125 0.080625
5 0.492500 0.113125 0.022500 0.063750
5 0.603750 0.110937 0.022500 0.076875
5 0.639062 0.244062 0.020625 0.056875
5 0.599688 0.467187 0.019375 0.096875
5 0.544687 0.478125 0.018125 0.088750
5 0.336250 0.210625 0.015000 0.087500
5 0.353750 0.571875 0.016250 0.062500
5 0.669063 0.095625 0.030625 0.071250
5 0.445312 0.131875 0.021875 0.062500
5 0.586875 0.057500 0.022500 0.047500
5 0.334062 0.452500 0.016875 0.071250
5 0.330625 0.621250 0.015000 0.077500
5 0.335000 0.814375 0.015000 0.108750
5 0.662813 0.019375 0.018125 0.037500
5 0.353125 0.188125 0.023750 0.036250
5 0.327188 0.378750 0.019375 0.048750
5 0.338438 0.058125 0.016875 0.046250
