5 0.594375 0.091250 0.010000 0.073750
5 0.579063 0.074063 0.009375 0.071875
5 0.560625 0.220625 0.008750 0.062500
5 0.502812 0.201563 0.005625 0.020625
5 0.548750 0.032188 0.008750 0.063125
5 0.527813 0.016563 0.006875 0.029375
5 0.540937 0.010313 0.005625 0.018125
5 0.567500 0.055313 0.008750 0.066875
5 0.517188 0.127812 0.010625 0.073125
5 0.525625 0.063437 0.010000 0.051875
5 0.554375 0.388437 0.008750 0.054375
5 0.510312 0.379063 0.006875 0.056875
5 0.522188 0.334062 0.011875 0.085625
5 0.489375 0.395625 0.007500 0.053750
5 0.531875 0.398750 0.006250 0.036250
5 0.512813 0.461250 0.011875 0.103750
5 0.526563 0.478125 0.008125 0.063750
5 0.498125 0.546875 0.011250 0.090000
5 0.503750 0.563750 0.011250 0.067500
5 0.453437 0.684688 0.006875 0.038125
5 0.464062 0.645312 0.010625 0.066875
5 0.481875 0.713125 0.006250 0.038750
5 0.495937 0.671875 0.009375 0.070000
5 0.451250 0.796250 0.010000 0.082500
5 0.469687 0.758437 0.005625 0.036875
5 0.476562 0.793438 0.008125 0.051875
5 0.445312 0.882188 0.006875 0.043125
5 0.458750 0.884687 0.010000 0.066875
5 0.498437 0.866563 0.009375 0.064375
5 0.514375 0.880625 0.006250 0.038750
5 0.446250 0.967500 0.008750 0.063750
5 0.457813 0.950313 0.005625 0.036875
5 0.476875 0.954375 0.006250 0.037500
5 0.496875 0.981563 0.005000 0.035625
5 0.481563 0.983125 0.006875 0.033750
5 0.479063 0.834063 0.006875 0.033125
5 0.489375 0.795625 0.003750 0.017500
5 0.517500 0.628125 0.006250 0.031250
5 0.512813 0.044687 0.006875 0.038125
5 0.614062 0.007188 0.005625 0.013125
5 0.600313 0.007500 0.010625 0.013750
5 0.484687 0.756875 0.006875 0.047500
