5 0.501563 0.537188 0.018125 0.081875
5 0.481875 0.646875 0.012500 0.107500
5 0.489063 0.295000 0.011875 0.112500
5 0.468750 0.289062 0.011250 0.035625
5 0.433437 0.630625 0.010625 0.053750
5 0.408438 0.632500 0.010625 0.091250
5 0.389062 0.752812 0.010625 0.058125
5 0.442500 0.766563 0.011250 0.111875
5 0.407187 0.882500 0.009375 0.082500
5 0.464375 0.882812 0.011250 0.061875
5 0.416563 0.936250 0.010625 0.050000
5 0.489687 0.865000 0.010625 0.053750
5 0.485938 0.956250 0.013125 0.082500
5 0.538750 0.809688 0.007500 0.039375
5 0.371875 0.899375 0.015000 0.070000
5 0.375000 0.981563 0.008750 0.036875
5 0.459375 0.798125 0.011250 0.038750
5 0.551562 0.623125 0.006875 0.043750
5 0.547813 0.546875 0.011875 0.071250
5 0.545625 0.787813 0.007500 0.089375
5 0.544687 0.941562 0.006875 0.038125
5 0.475625 0.402500 0.010000 0.053750
5 0.539375 0.426875 0.007500 0.056250
5 0.517188 0.085312 0.013125 0.078125
5 0.445312 0.050937 0.009375 0.084375
5 0.428125 0.093438 0.008750 0.041875
5 0.483125 0.180312 0.013750 0.065625
5 0.444688 0.447813 0.008125 0.040625
5 0.422500 0.325313 0.008750 0.053125
5 0.465313 0.085625 0.009375 0.045000
5 0.537500 0.063750 0.012500 0.113750
5 0.477500 0.033125 0.011250 0.065000
5 0.505625 0.166563 0.008750 0.071875
5 0.487500 0.111875 0.008750 0.057500
5 0.445625 0.356875 0.010000 0.052500
5 0.548750 0.380312 0.005000 0.075625
5 0.549687 0.170000 0.008125 0.046250
5 0.504062 0.275000 0.011875 0.041250
5 0.539062 0.258125 0.008125 0.040000
5 0.473750 0.755313 0.008750 0.028125
5 0.433437 0.885000 0.011875 0.041250
5 0.438437 0.519375 0.013125 0.062500
5 0.506563 0.643750 0.013125 0.022500
5 0.417812 0.499688 0.008125 0.034375
5 0.522188 0.394062 0.011875 0.026875
5 0.540937 0.695000 0.008125 0.026250
