5 0.349687 0.590625 0.041875 0.052500
5 0.301563 0.759375 0.081875 0.085000
5 0.248750 0.740000 0.048750 0.062500
5 0.299687 0.666562 0.028125 0.040625
5 0.505625 0.435000 0.123750 0.163750
5 0.513437 0.492188 0.083125 0.103125
5 0.654375 0.469062 0.042500 0.054375
5 0.652188 0.539375 0.108125 0.122500
5 0.748125 0.350625 0.100000 0.127500
5 0.846875 0.269688 0.113750 0.144375
5 0.909062 0.212500 0.055625 0.073750
5 0.782188 0.127812 0.084375 0.118125
5 0.948438 0.084062 0.103125 0.144375
5 0.974063 0.176875 0.051875 0.070000
5 0.257188 0.775937 0.134375 0.131875
5 0.253125 0.641563 0.048750 0.068125
