5 0.421875 0.717500 0.022500 0.133750
5 0.391562 0.585313 0.015625 0.085625
5 0.392188 0.490625 0.016875 0.087500
5 0.410000 0.575937 0.018750 0.095625
5 0.415938 0.617188 0.010625 0.059375
5 0.434688 0.607812 0.013125 0.063125
5 0.421563 0.919063 0.028125 0.161875
5 0.424375 0.189688 0.011250 0.054375
5 0.461562 0.106250 0.011875 0.070000
5 0.412187 0.060312 0.013125 0.044375
5 0.454688 0.382500 0.010625 0.081250
5 0.399375 0.372812 0.017500 0.131875
5 0.389062 0.353438 0.010625 0.034375
5 0.421250 0.316250 0.008750 0.047500
5 0.494375 0.179063 0.008750 0.046875
5 0.487187 0.340625 0.023125 0.163750
5 0.488438 0.458437 0.010625 0.063125
5 0.460313 0.481250 0.016875 0.138750
5 0.488125 0.051562 0.012500 0.064375
5 0.519375 0.035625 0.012500 0.070000
5 0.435625 0.209687 0.020000 0.136875
5 0.437188 0.140937 0.011875 0.059375
5 0.401562 0.181250 0.009375 0.048750
5 0.391562 0.262813 0.004375 0.021875
5 0.429688 0.445937 0.010625 0.069375
