5 0.518125 0.032813 0.007500 0.045625
5 0.555937 0.030312 0.006875 0.041875
5 0.550000 0.018437 0.006250 0.035625
5 0.514375 0.122813 0.007500 0.038125
5 0.558750 0.097812 0.005000 0.046875
5 0.545937 0.123125 0.006875 0.071250
5 0.535312 0.175000 0.009375 0.117500
5 0.573125 0.179375 0.007500 0.086250
5 0.561562 0.172813 0.008125 0.101875
5 0.545312 0.278750 0.013125 0.121250
5 0.489375 0.275000 0.007500 0.035000
5 0.502188 0.275938 0.005625 0.039375
5 0.512813 0.306250 0.008125 0.037500
5 0.501875 0.356250 0.008750 0.047500
5 0.487500 0.390937 0.011250 0.064375
5 0.480938 0.436250 0.006875 0.032500
5 0.556250 0.371563 0.007500 0.043125
5 0.544375 0.436875 0.008750 0.067500
5 0.536250 0.390000 0.007500 0.047500
5 0.501250 0.463438 0.007500 0.093125
5 0.553125 0.488125 0.006250 0.052500
5 0.491875 0.488438 0.006250 0.054375
5 0.472500 0.482500 0.006250 0.033750
5 0.556875 0.548125 0.006250 0.032500
5 0.487812 0.631250 0.006875 0.062500
5 0.529062 0.560937 0.008125 0.128125
5 0.509375 0.558438 0.008750 0.060625
5 0.469687 0.877188 0.005625 0.056875
5 0.481250 0.904375 0.008750 0.071250
5 0.487812 0.745000 0.009375 0.063750
5 0.470313 0.954375 0.008125 0.035000
5 0.494688 0.975938 0.008125 0.048125
5 0.512500 0.623750 0.006250 0.052500
5 0.503750 0.715938 0.013750 0.155625
5 0.517500 0.789375 0.007500 0.061250
5 0.515625 0.931875 0.007500 0.136250
5 0.527813 0.909687 0.010625 0.046875
5 0.527188 0.968437 0.008125 0.063125
5 0.531563 0.764375 0.016875 0.157500
5 0.546875 0.855938 0.016250 0.080625
5 0.540625 0.646250 0.013750 0.078750
5 0.492188 0.146875 0.008125 0.067500
5 0.564063 0.461875 0.005625 0.028750
5 0.500625 0.865000 0.012500 0.051250
