5 0.429375 0.462813 0.015000 0.083125
5 0.452813 0.355312 0.018125 0.118125
5 0.472187 0.200000 0.006875 0.037500
5 0.490000 0.231875 0.018750 0.113750
5 0.544687 0.243125 0.011875 0.056250
5 0.460000 0.242188 0.011250 0.035625
5 0.499063 0.368437 0.011875 0.055625
5 0.524375 0.362812 0.010000 0.091875
5 0.448125 0.840000 0.013750 0.105000
5 0.445312 0.702812 0.010625 0.114375
5 0.457813 0.597187 0.010625 0.058125
5 0.427812 0.835625 0.010625 0.070000
5 0.462187 0.706562 0.009375 0.036875
5 0.430000 0.720938 0.012500 0.034375
5 0.508125 0.732500 0.008750 0.037500
5 0.511563 0.675000 0.011875 0.055000
5 0.486875 0.640000 0.010000 0.047500
5 0.486875 0.549063 0.008750 0.033125
5 0.385000 0.447813 0.011250 0.060625
5 0.381563 0.380625 0.010625 0.045000
5 0.384062 0.622500 0.009375 0.085000
5 0.386875 0.207813 0.010000 0.084375
5 0.394375 0.190000 0.013750 0.043750
5 0.447188 0.042813 0.014375 0.084375
5 0.470313 0.112500 0.015625 0.060000
5 0.443437 0.135000 0.013125 0.056250
5 0.527188 0.115625 0.014375 0.083750
5 0.562813 0.099062 0.010625 0.068125
5 0.516875 0.062187 0.011250 0.049375
5 0.387500 0.059062 0.013750 0.041875
5 0.415000 0.916875 0.013750 0.083750
5 0.394375 0.933750 0.013750 0.112500
5 0.467187 0.913438 0.009375 0.038125
5 0.505313 0.907813 0.011875 0.043125
5 0.486563 0.947187 0.013125 0.085625
5 0.455937 0.968437 0.014375 0.063125
5 0.527188 0.458125 0.014375 0.083750
5 0.515312 0.500000 0.010625 0.038750
5 0.556875 0.016875 0.013750 0.032500
