5 0.070625 0.122813 0.050000 0.058125
5 0.162812 0.203750 0.040625 0.051250
5 0.264062 0.349062 0.040625 0.041875
5 0.160000 0.103125 0.076250 0.072500
5 0.291250 0.260937 0.033750 0.034375
5 0.315625 0.301250 0.037500 0.040000
5 0.346875 0.305312 0.025000 0.034375
5 0.391250 0.300000 0.052500 0.048750
5 0.347500 0.343125 0.040000 0.037500
5 0.400938 0.379375 0.053125 0.050000
5 0.420312 0.359375 0.046875 0.051250
5 0.444063 0.521250 0.066875 0.061250
5 0.532188 0.471875 0.056875 0.051250
5 0.538438 0.444063 0.091875 0.093125
5 0.520312 0.489375 0.089375 0.091250
5 0.465625 0.426875 0.026250 0.033750
5 0.577812 0.659375 0.056875 0.065000
5 0.693125 0.638125 0.060000 0.061250
5 0.619062 0.558125 0.028125 0.035000
5 0.722500 0.727500 0.051250 0.053750
5 0.776563 0.749687 0.059375 0.054375
5 0.820937 0.756563 0.059375 0.056875
5 0.805937 0.792813 0.054375 0.048125
5 0.815937 0.922813 0.080625 0.080625
5 0.855625 0.907500 0.076250 0.083750
5 0.341875 0.400313 0.026250 0.030625
