5 0.444688 0.711250 0.010625 0.045000
5 0.459688 0.840000 0.011875 0.095000
5 0.465000 0.937500 0.010000 0.055000
5 0.484687 0.939063 0.011875 0.080625
5 0.535625 0.909062 0.010000 0.076875
5 0.563438 0.928125 0.009375 0.045000
5 0.505000 0.878437 0.008750 0.038125
5 0.498437 0.807500 0.013125 0.096250
5 0.480000 0.793438 0.007500 0.036875
5 0.490312 0.737187 0.008125 0.044375
5 0.452813 0.666875 0.008125 0.076250
5 0.502812 0.686875 0.008125 0.091250
5 0.496563 0.565625 0.008125 0.078750
5 0.486250 0.550312 0.008750 0.091875
5 0.493125 0.449062 0.011250 0.116875
5 0.514687 0.466250 0.009375 0.076250
5 0.482187 0.432188 0.008125 0.030625
5 0.540000 0.361875 0.010000 0.066250
5 0.475313 0.354375 0.010625 0.073750
5 0.485312 0.307188 0.009375 0.099375
5 0.448437 0.375937 0.008125 0.066875
5 0.508125 0.374375 0.008750 0.050000
5 0.456875 0.400938 0.011250 0.045625
5 0.526250 0.640312 0.007500 0.036875
5 0.513437 0.832500 0.006875 0.023750
5 0.522500 0.175625 0.011250 0.070000
5 0.436250 0.161875 0.010000 0.025000
5 0.444063 0.074063 0.008125 0.078125
5 0.446250 0.011562 0.008750 0.021875
5 0.551250 0.036562 0.008750 0.071875
5 0.525000 0.024063 0.008750 0.046875
5 0.506250 0.013437 0.005000 0.025625
5 0.508437 0.069375 0.008125 0.026250
5 0.567500 0.610938 0.006250 0.046875
