5 0.502500 0.492500 0.011250 0.083750
5 0.481563 0.584375 0.011875 0.085000
5 0.485938 0.481563 0.011875 0.098125
5 0.395313 0.656563 0.009375 0.068125
5 0.383125 0.644375 0.010000 0.062500
5 0.402500 0.632500 0.008750 0.036250
5 0.418750 0.681250 0.008750 0.048750
5 0.410000 0.592812 0.010000 0.054375
5 0.425938 0.593750 0.011875 0.061250
5 0.414687 0.492812 0.010625 0.124375
5 0.405938 0.374063 0.008125 0.106875
5 0.438125 0.534687 0.007500 0.059375
5 0.447813 0.503437 0.013125 0.121875
5 0.487187 0.345938 0.009375 0.035625
5 0.469375 0.447813 0.011250 0.101875
5 0.467813 0.557500 0.010625 0.107500
5 0.447500 0.605313 0.008750 0.029375
5 0.478125 0.267188 0.007500 0.075625
5 0.420000 0.252500 0.008750 0.027500
5 0.461562 0.228125 0.008125 0.077500
5 0.467187 0.174375 0.009375 0.042500
5 0.479063 0.174687 0.010625 0.044375
5 0.423750 0.126250 0.012500 0.105000
5 0.511563 0.329375 0.013125 0.111250
5 0.419375 0.388750 0.010000 0.037500
5 0.490625 0.151875 0.007500 0.027500
5 0.487500 0.761250 0.010000 0.045000
5 0.517813 0.819375 0.010625 0.078750
5 0.450625 0.875938 0.012500 0.040625
5 0.520000 0.970313 0.011250 0.059375
5 0.422500 0.974063 0.008750 0.044375
5 0.406562 0.805625 0.008125 0.036250
5 0.432188 0.806562 0.006875 0.085625
5 0.443125 0.754062 0.012500 0.144375
5 0.464062 0.812813 0.010625 0.374375
5 0.472813 0.845000 0.006875 0.038750
5 0.481563 0.861250 0.009375 0.046250
5 0.487187 0.975313 0.008125 0.049375
5 0.526250 0.752500 0.012500 0.086250
5 0.534062 0.821875 0.009375 0.042500
5 0.409375 0.961250 0.008750 0.045000
5 0.397813 0.945625 0.006875 0.035000
5 0.514062 0.510312 0.011875 0.075625
5 0.393437 0.010937 0.015625 0.020625
5 0.445937 0.116562 0.018125 0.231875
5 0.383750 0.394375 0.008750 0.035000
5 0.456562 0.356563 0.006875 0.029375
5 0.466250 0.355938 0.008750 0.020625
5 0.434688 0.406562 0.009375 0.020625
5 0.401562 0.875938 0.010625 0.044375
5 0.507188 0.774062 0.008125 0.040625
5 0.524687 0.600313 0.008125 0.049375
5 0.448750 0.942187 0.006250 0.024375
5 0.481250 0.927813 0.007500 0.029375
5 0.474687 0.974063 0.005625 0.029375
5 0.530625 0.958438 0.011250 0.054375
